PRE_micro= 0.939508008056
PRE_macro= 0.915691130784
REC_micro= 0.939508008056
REC_macro= 0.848698491794
F1_micro= 0.939508008056
F1_macro= 0.880922979484