PRE_micro= 0.966361477058
PRE_macro= 0.905838500756
REC_micro= 0.966361477058
REC_macro= 0.964784527667
F1_micro= 0.966361477058
F1_macro= 0.934382777091